  4819833	2022-07-06 09:26:22	222	4	1	0
  4956295	2022-07-06 17:04:08	222	4	1	0
  4302692	2022-07-06 17:04:45	222	4	1	0
  4272790	2022-07-06 17:07:49	222	4	1	0
  4823017	2022-07-06 17:09:55	222	4	1	0
  2689038	2022-07-06 17:11:38	222	4	1	0
  4819833	2022-07-06 17:12:07	222	4	1	0
  4366594	2022-07-06 17:12:26	222	4	1	0
  4808457	2022-07-06 17:13:30	222	4	1	0
  4258809	2022-07-06 17:37:00	222	4	1	0
  3417047	2022-07-06 17:37:30	222	4	1	0
  9158983	2022-07-06 17:38:40	222	4	1	0
  2240753	2022-07-06 17:38:45	222	4	1	0
  6034912	2022-07-06 17:38:54	222	4	1	0
  4974338	2022-07-06 17:46:29	222	4	1	0
  3476266	2022-07-06 17:54:51	222	4	1	0
  6049400	2022-07-06 17:55:28	222	4	1	0
  6049400	2022-07-06 17:55:30	222	4	1	0
  6156714	2022-07-06 18:14:50	222	4	1	0
  6833031	2022-07-06 18:22:21	222	4	1	0
  3432493	2022-07-06 18:33:49	222	4	1	0
  4797854	2022-07-06 18:37:22	222	4	1	0
  3474426	2022-07-06 19:53:23	222	4	1	0
  4974338	2022-07-07 07:37:40	222	4	1	0
  6049400	2022-07-07 07:49:19	222	4	1	0
  6049400	2022-07-07 07:49:21	222	4	1	0
  4797854	2022-07-07 07:49:38	222	4	1	0
  6156714	2022-07-07 08:03:42	222	4	1	0
  2240753	2022-07-07 08:05:51	222	4	1	0
  3063214	2022-07-07 08:09:00	222	4	1	0
  3474426	2022-07-07 08:10:43	222	4	1	0
  3417047	2022-07-07 08:15:31	222	4	1	0
  4956295	2022-07-07 08:19:17	222	4	1	0
  4823017	2022-07-07 08:23:41	222	4	1	0
  4808457	2022-07-07 08:29:44	222	4	1	0
  6833031	2022-07-07 08:32:03	222	4	1	0
  4258809	2022-07-07 08:33:02	222	4	1	0
  6034912	2022-07-07 08:34:06	222	4	1	0
  9884275	2022-07-07 08:34:11	222	4	1	0
  3432493	2022-07-07 08:35:16	222	4	1	0
  2689038	2022-07-07 08:36:11	222	4	1	0
  4302692	2022-07-07 08:36:20	222	4	1	0
  4302692	2022-07-07 08:36:22	222	4	1	0
  3476266	2022-07-07 08:36:43	222	4	1	0
  4366594	2022-07-07 08:38:19	222	4	1	0
  4819833	2022-07-07 09:27:55	222	4	1	0
  2240753	2022-07-07 17:07:18	222	4	1	0
  4302692	2022-07-07 17:07:43	222	4	1	0
  4302692	2022-07-07 17:07:47	222	4	1	0
  2689038	2022-07-07 17:11:46	222	4	1	0
  3432493	2022-07-07 17:12:57	222	4	1	0
  4823017	2022-07-07 17:13:51	222	4	1	0
  4808457	2022-07-07 17:14:44	222	4	1	0
  4258809	2022-07-07 17:15:24	222	4	1	0
  9884275	2022-07-07 17:21:30	222	4	1	0
  6833031	2022-07-07 17:25:43	222	4	1	0
  4366594	2022-07-07 17:37:55	222	4	1	0
  6049400	2022-07-07 17:37:58	222	4	1	0
  6049400	2022-07-07 17:38:01	222	4	1	0
  4819833	2022-07-07 17:42:50	222	4	1	0
  3476266	2022-07-07 17:56:26	222	4	1	0
  4974338	2022-07-07 18:12:41	222	4	1	0
  6156714	2022-07-07 18:16:50	222	4	1	0
  3474426	2022-07-07 18:20:23	222	4	1	0
  4797854	2022-07-07 18:25:01	222	4	1	0
  6034912	2022-07-07 20:11:09	222	4	1	0
  3474426	2022-07-08 07:27:20	222	4	1	0
  6049400	2022-07-08 07:30:24	222	4	1	0
  6049400	2022-07-08 07:30:26	222	4	1	0
  4797854	2022-07-08 07:48:27	222	4	1	0
  4808457	2022-07-08 07:54:32	222	4	1	0
  2240753	2022-07-08 08:10:50	222	4	1	0
  4258809	2022-07-08 08:14:22	222	4	1	0
  4258809	2022-07-08 08:14:35	222	4	1	0
  4956295	2022-07-08 08:20:28	222	4	1	0
  6156714	2022-07-08 08:29:23	222	4	1	0
  9884275	2022-07-08 08:31:36	222	4	1	0
  6833031	2022-07-08 08:33:41	222	4	1	0
  2689038	2022-07-08 08:35:45	222	4	1	0
  4302692	2022-07-08 08:35:54	222	4	1	0
  4302692	2022-07-08 08:35:57	222	4	1	0
  4819833	2022-07-08 08:36:06	222	4	1	0
  4823017	2022-07-08 08:36:36	222	4	1	0
  4366594	2022-07-08 08:37:42	222	4	1	0
  3432493	2022-07-08 08:37:50	222	4	1	0
  3476266	2022-07-08 08:41:00	222	4	1	0
  3432493	2022-07-08 17:05:58	222	4	1	0
  3417047	2022-07-08 17:06:18	222	4	1	0
  2689038	2022-07-08 17:13:44	222	4	1	0
  4823017	2022-07-08 17:19:15	222	4	1	0
  4366594	2022-07-08 17:24:03	222	4	1	0
  4808457	2022-07-08 17:33:39	222	4	1	0
  9884275	2022-07-08 17:33:53	222	4	1	0
  9884275	2022-07-08 17:34:05	222	4	1	0
  2240753	2022-07-08 17:37:47	222	4	1	0
  6833031	2022-07-08 17:37:51	222	4	1	0
  3476266	2022-07-08 17:37:55	222	4	1	0
  6156714	2022-07-08 17:39:29	222	4	1	0
  4258809	2022-07-08 17:40:58	222	4	1	0
  4258809	2022-07-08 17:41:03	222	4	1	0
  4819833	2022-07-08 17:51:10	222	4	1	0
  4797854	2022-07-08 18:55:38	222	4	1	0
  3474426	2022-07-08 18:59:21	222	4	1	0
  4956295	2022-07-08 19:00:43	222	4	1	0
  4302692	2022-07-08 19:00:47	222	4	1	0
  6049400	2022-07-08 19:00:50	222	4	1	0
  6785458	2022-07-11 07:07:58	222	4	1	0
  6785458	2022-07-11 07:08:10	222	4	1	0
  4797854	2022-07-11 07:28:21	222	4	1	0
  3474426	2022-07-11 07:36:15	222	4	1	0
  6049400	2022-07-11 07:46:15	222	4	1	0
  6049400	2022-07-11 07:51:39	222	4	1	0
  6049400	2022-07-11 07:51:41	222	4	1	0
  2240753	2022-07-11 07:55:09	222	4	1	0
  6833031	2022-07-11 08:06:10	222	4	1	0
  3417047	2022-07-11 08:12:21	222	4	1	0
  9092233	2022-07-11 08:17:13	222	4	1	0
  4258809	2022-07-11 08:18:53	222	4	1	0
  4956295	2022-07-11 08:19:27	222	4	1	0
  3063214	2022-07-11 08:24:04	222	4	1	0
  6034912	2022-07-11 08:25:40	222	4	1	0
  8335583	2022-07-11 08:26:01	222	4	1	0
  4808457	2022-07-11 08:26:20	222	4	1	0
  4808457	2022-07-11 08:26:22	222	4	1	0
  4823017	2022-07-11 08:33:17	222	4	1	0
  9884275	2022-07-11 08:34:40	222	4	1	0
  4974338	2022-07-11 08:34:48	222	4	1	0
  4302692	2022-07-11 08:37:07	222	4	1	0
  4302692	2022-07-11 08:37:10	222	4	1	0
  4366594	2022-07-11 08:37:26	222	4	1	0
  3432493	2022-07-11 08:37:32	222	4	1	0
  2689038	2022-07-11 08:38:30	222	4	1	0
  6156714	2022-07-11 08:39:28	222	4	1	0
  3476266	2022-07-11 08:40:03	222	4	1	0
  4819833	2022-07-11 09:28:22	222	4	1	0
  4808457	2022-07-11 17:03:31	222	4	1	0
  4258809	2022-07-11 17:05:25	222	4	1	0
  3476266	2022-07-11 17:06:44	222	4	1	0
  4819833	2022-07-11 17:07:06	222	4	1	0
  6156714	2022-07-11 17:07:08	222	4	1	0
  4366594	2022-07-11 17:09:47	222	4	1	0
  4823017	2022-07-11 17:09:56	222	4	1	0
  3417047	2022-07-11 17:10:01	222	4	1	0
  4302692	2022-07-11 17:10:43	222	4	1	0
  2689038	2022-07-11 17:11:31	222	4	1	0
  6049400	2022-07-11 17:12:20	222	4	1	0
  6049400	2022-07-11 17:12:22	222	4	1	0
  6049400	2022-07-11 17:12:25	222	4	1	0
  4974338	2022-07-11 17:14:18	222	4	1	0
  6833031	2022-07-11 17:20:34	222	4	1	0
  4797854	2022-07-11 17:29:00	222	4	1	0
  6785458	2022-07-11 17:32:47	222	4	1	0
  2240753	2022-07-11 17:32:53	222	4	1	0
  6833031	2022-07-11 17:41:57	222	4	1	0
  3474426	2022-07-11 19:30:24	222	4	1	0
  6785458	2022-07-12 07:05:04	222	4	1	0
  6785458	2022-07-12 07:05:06	222	4	1	0
  6049400	2022-07-12 07:06:22	222	4	1	0
  6049400	2022-07-12 07:06:25	222	4	1	0
  4797854	2022-07-12 07:34:33	222	4	1	0
  3063214	2022-07-12 07:49:01	222	4	1	0
  4974338	2022-07-12 08:01:17	222	4	1	0
  3474426	2022-07-12 08:04:48	222	4	1	0
  8335583	2022-07-12 08:14:39	222	4	1	0
  3417047	2022-07-12 08:14:50	222	4	1	0
  2240753	2022-07-12 08:17:03	222	4	1	0
  4258809	2022-07-12 08:18:55	222	4	1	0
  6833031	2022-07-12 08:19:35	222	4	1	0
  9092233	2022-07-12 08:22:08	222	4	1	0
  4956295	2022-07-12 08:28:06	222	4	1	0
  4823017	2022-07-12 08:31:45	222	4	1	0
  6156714	2022-07-12 08:31:57	222	4	1	0
  4808457	2022-07-12 08:33:25	222	4	1	0
  3476266	2022-07-12 08:35:03	222	4	1	0
  2689038	2022-07-12 08:37:49	222	4	1	0
  4366594	2022-07-12 08:37:56	222	4	1	0
  6034912	2022-07-12 08:40:16	222	4	1	0
  6156714	2022-07-12 08:40:39	222	4	1	0
  9884275	2022-07-12 08:43:25	222	4	1	0
  4302692	2022-07-12 08:46:19	222	4	1	0
  4302692	2022-07-12 08:46:24	222	4	1	0
  4819833	2022-07-12 09:39:59	222	4	1	0
  3434541	2022-07-12 15:23:27	222	4	1	0
  3417047	2022-07-12 15:25:10	222	4	15	0
  3063214	2022-07-12 17:07:48	222	4	1	0
  4956295	2022-07-12 17:07:54	222	4	1	0
  4823017	2022-07-12 17:09:17	222	4	1	0
  9092233	2022-07-12 17:11:55	222	4	1	0
  2689038	2022-07-12 17:12:39	222	4	1	0
  4808457	2022-07-12 17:16:43	222	4	1	0
  3476266	2022-07-12 17:17:13	222	4	1	0
  3417047	2022-07-12 17:18:15	222	4	15	0
  3417047	2022-07-12 17:18:17	222	4	15	0
  4819833	2022-07-12 17:18:31	222	4	1	0
  4302692	2022-07-12 17:23:00	222	4	1	0
  6833031	2022-07-12 17:24:49	222	4	1	0
  6034912	2022-07-12 17:27:52	222	4	1	0
  4258809	2022-07-12 17:36:26	222	4	1	0
  2240753	2022-07-12 17:54:21	222	4	1	0
  4366594	2022-07-12 18:01:28	222	4	1	0
  3474426	2022-07-12 18:22:42	222	4	1	0
  6785458	2022-07-12 18:23:26	222	4	1	0
  6785458	2022-07-12 18:23:35	222	4	1	0
  4797854	2022-07-12 18:25:48	222	4	1	0
  9884275	2022-07-12 18:31:35	222	4	1	0
  6049400	2022-07-12 18:31:37	222	4	1	0
  6049400	2022-07-12 18:31:40	222	4	1	0
  4974338	2022-07-12 18:31:46	222	4	1	0
  8335583	2022-07-12 18:43:48	222	4	1	0
  2603935	2022-07-12 18:49:28	222	4	1	0
  6156714	2022-07-12 18:50:10	222	4	1	0
  3434541	2022-07-12 19:55:55	222	4	1	0
  6785458	2022-07-13 07:12:43	222	4	1	0
  6049400	2022-07-13 07:38:34	222	4	1	0
  6049400	2022-07-13 07:38:37	222	4	1	0
  4974338	2022-07-13 07:42:41	222	4	1	0
  6049400	2022-07-13 07:46:29	222	4	1	0
  4797854	2022-07-13 07:58:34	222	4	1	0
  4797854	2022-07-13 08:01:57	222	4	1	0
  4808457	2022-07-13 08:03:37	222	4	1	0
  3474426	2022-07-13 08:10:33	222	4	1	0
  3417047	2022-07-13 08:11:14	222	4	1	0
  3063214	2022-07-13 08:13:59	222	4	1	0
  2240753	2022-07-13 08:14:33	222	4	1	0
  8335583	2022-07-13 08:15:10	222	4	1	0
  9092233	2022-07-13 08:16:17	222	4	1	0
  9092233	2022-07-13 08:16:19	222	4	1	0
  3434541	2022-07-13 08:19:10	222	4	1	0
  4956295	2022-07-13 08:28:00	222	4	1	0
  4258809	2022-07-13 08:30:00	222	4	1	0
  6034912	2022-07-13 08:31:23	222	4	1	0
  6156714	2022-07-13 08:31:51	222	4	1	0
  6156714	2022-07-13 08:35:56	222	4	1	0
  6833031	2022-07-13 08:36:01	222	4	1	0
  4823017	2022-07-13 08:36:09	222	4	1	0
  2689038	2022-07-13 08:38:00	222	4	1	0
  3476266	2022-07-13 08:38:06	222	4	1	0
  4366594	2022-07-13 08:38:36	222	4	1	0
  4302692	2022-07-13 08:39:25	222	4	1	0
  4302692	2022-07-13 08:39:28	222	4	1	0
  9884275	2022-07-13 08:49:36	222	4	1	0
  3417047	2022-07-13 17:02:29	222	4	1	0
  3417047	2022-07-13 17:03:34	222	4	1	0
  4956295	2022-07-13 17:04:21	222	4	1	0
  3063214	2022-07-13 17:04:27	222	4	1	0
  4302692	2022-07-13 17:04:42	222	4	1	0
  4823017	2022-07-13 17:07:39	222	4	1	0
  2689038	2022-07-13 17:09:28	222	4	1	0
  3474426	2022-07-13 17:10:24	222	4	1	0
  4366594	2022-07-13 17:10:49	222	4	1	0
  3474426	2022-07-13 17:16:57	222	4	1	0
  9884275	2022-07-13 17:20:31	222	4	1	0
  4808457	2022-07-13 17:21:21	222	4	1	0
  4808457	2022-07-13 17:21:24	222	4	1	0
  9092233	2022-07-13 17:21:29	222	4	1	0
  4974338	2022-07-13 17:36:55	222	4	1	0
  6034912	2022-07-13 17:41:09	222	4	1	0
  6156714	2022-07-13 17:42:55	222	4	1	0
  6785458	2022-07-13 17:48:47	222	4	1	0
  2240753	2022-07-13 17:55:33	222	4	1	0
  4258809	2022-07-13 18:17:39	222	4	1	0
  6833031	2022-07-13 18:38:12	222	4	1	0
  8335583	2022-07-13 18:42:47	222	4	1	0
  4797854	2022-07-13 18:49:36	222	4	1	0
  6049400	2022-07-13 19:31:20	222	4	1	0
  6049400	2022-07-13 19:31:23	222	4	1	0
  3476266	2022-07-13 19:42:27	222	4	1	0
  4797854	2022-07-14 07:03:45	222	4	1	0
  6785458	2022-07-14 07:13:05	222	4	1	0
  6049400	2022-07-14 07:13:52	222	4	1	0
  6049400	2022-07-14 07:13:55	222	4	1	0
  4974338	2022-07-14 07:23:26	222	4	1	0
  3474426	2022-07-14 07:52:38	222	4	1	0
  2240753	2022-07-14 08:09:44	222	4	1	0
  4808457	2022-07-14 08:10:08	222	4	1	0
  3063214	2022-07-14 08:16:03	222	4	1	0
  4258809	2022-07-14 08:16:58	222	4	1	0
  3417047	2022-07-14 08:19:29	222	4	1	0
  4823017	2022-07-14 08:19:48	222	4	1	0
  4302692	2022-07-14 08:26:02	222	4	1	0
  4302692	2022-07-14 08:26:04	222	4	1	0
  9092233	2022-07-14 08:27:11	222	4	1	0
  4956295	2022-07-14 08:28:45	222	4	1	0
  6156714	2022-07-14 08:37:43	222	4	1	0
  6156714	2022-07-14 08:37:45	222	4	1	0
  3476266	2022-07-14 08:38:18	222	4	1	0
  9884275	2022-07-14 08:38:25	222	4	1	0
  8335583	2022-07-14 08:38:32	222	4	1	0
  4366594	2022-07-14 08:39:10	222	4	1	0
  6034912	2022-07-14 08:41:21	222	4	1	0
  2689038	2022-07-14 08:43:41	222	4	1	0
  4819833	2022-07-14 09:08:43	222	4	1	0
  3432493	2022-07-14 09:28:49	222	4	1	0
  4272790	2022-07-14 17:01:07	222	4	1	0
  3063214	2022-07-14 17:05:13	222	4	1	0
  4956295	2022-07-14 17:05:19	222	4	1	0
  2689038	2022-07-14 17:07:45	222	4	1	0
  3417047	2022-07-14 17:09:05	222	4	1	0
  4302692	2022-07-14 17:09:39	222	4	1	0
  4808457	2022-07-14 17:09:56	222	4	1	0
  9092233	2022-07-14 17:10:49	222	4	1	0
  3432493	2022-07-14 17:14:52	222	4	1	0
  4366594	2022-07-14 17:18:59	222	4	1	0
  4823017	2022-07-14 17:19:04	222	4	1	0
  4974338	2022-07-14 17:41:05	222	4	1	0
  2240753	2022-07-14 17:49:55	222	4	1	0
  4819833	2022-07-14 17:56:30	222	4	1	0
  6156714	2022-07-14 17:56:33	222	4	1	0
  8335583	2022-07-14 18:02:58	222	4	1	0
  4258809	2022-07-14 18:29:42	222	4	1	0
  6034912	2022-07-14 18:29:44	222	4	1	0
  3476266	2022-07-14 18:31:47	222	4	1	0
  6785458	2022-07-14 18:52:29	222	4	1	0
  3474426	2022-07-14 18:56:38	222	4	1	0
  9884275	2022-07-14 19:10:02	222	4	1	0
  4797854	2022-07-14 19:28:15	222	4	1	0
  6049400	2022-07-14 19:51:56	222	4	1	0
  6049400	2022-07-14 19:51:59	222	4	1	0
  3476266	2022-07-15 07:11:07	222	4	1	0
  6785458	2022-07-15 07:13:24	222	4	1	0
  6785458	2022-07-15 07:13:28	222	4	1	0
  6049400	2022-07-15 07:17:23	222	4	1	0
  6049400	2022-07-15 07:17:26	222	4	1	0
  4974338	2022-07-15 07:30:05	222	4	1	0
  4797854	2022-07-15 07:37:21	222	4	1	0
  2240753	2022-07-15 07:56:35	222	4	1	0
  9158983	2022-07-15 08:07:31	222	4	1	0
  9092233	2022-07-15 08:15:33	222	4	1	0
  3417047	2022-07-15 08:17:49	222	4	15	0
  4956295	2022-07-15 08:21:53	222	4	1	0
  4302692	2022-07-15 08:25:04	222	4	1	0
  4302692	2022-07-15 08:25:06	222	4	1	0
  8335583	2022-07-15 08:25:29	222	4	1	0
  3474426	2022-07-15 08:25:32	222	4	1	0
  3063214	2022-07-15 08:27:22	222	4	1	0
  4258809	2022-07-15 08:32:46	222	4	1	0
  4808457	2022-07-15 08:36:01	222	4	1	0
  3432493	2022-07-15 08:36:39	222	4	1	0
  4823017	2022-07-15 08:37:44	222	4	1	0
  4366594	2022-07-15 08:39:32	222	4	1	0
  6034912	2022-07-15 08:41:11	222	4	1	0
  6156714	2022-07-15 08:42:58	222	4	1	0
  2689038	2022-07-15 08:44:41	222	4	1	0
  4819833	2022-07-15 09:27:05	222	4	1	0
  3432493	2022-07-15 12:23:54	222	4	1	0
  9158983	2022-07-15 14:55:52	222	4	1	0
  9092233	2022-07-15 14:55:54	222	4	1	0
  6785458	2022-07-15 17:01:18	222	4	1	0
  6785458	2022-07-15 17:01:20	222	4	1	0
  2240753	2022-07-15 17:02:05	222	4	1	0
  9884275	2022-07-15 17:02:40	222	4	1	0
  4974338	2022-07-15 17:03:20	222	4	1	0
  3063214	2022-07-15 17:07:02	222	4	1	0
  4956295	2022-07-15 17:07:06	222	4	1	0
  4258809	2022-07-15 17:07:46	222	4	1	0
  4808457	2022-07-15 17:08:41	222	4	1	0
  3417047	2022-07-15 17:08:46	222	4	1	0
  6049400	2022-07-15 17:11:05	222	4	1	0
  6049400	2022-07-15 17:11:07	222	4	1	0
  4302692	2022-07-15 17:12:54	222	4	1	0
  4366594	2022-07-15 17:14:16	222	4	1	0
  4823017	2022-07-15 17:14:31	222	4	1	0
  2689038	2022-07-15 17:14:40	222	4	1	0
  6034912	2022-07-15 17:54:30	222	4	1	0
  4797854	2022-07-15 18:12:14	222	4	1	0
 10937797	2022-07-15 18:12:17	222	4	1	0
  4819833	2022-07-15 18:28:53	222	4	1	0
  6156714	2022-07-15 18:28:56	222	4	1	0
  3474426	2022-07-15 19:35:38	222	4	1	0
  3476266	2022-07-15 20:16:25	222	4	1	0
  8335583	2022-07-15 20:21:16	222	4	1	0
  8335583	2022-07-15 20:21:19	222	4	1	0
  6785458	2022-07-18 07:13:29	222	4	1	0
  6785458	2022-07-18 07:13:31	222	4	1	0
  6785458	2022-07-18 07:13:34	222	4	1	0
  6049400	2022-07-18 07:23:30	222	4	1	0
  6049400	2022-07-18 07:23:32	222	4	1	0
  4797854	2022-07-18 07:55:28	222	4	1	0
  2240753	2022-07-18 08:00:53	222	4	1	0
  9158983	2022-07-18 08:00:57	222	4	1	0
  3474426	2022-07-18 08:06:53	222	4	1	0
  9092233	2022-07-18 08:11:46	222	4	1	0
  8335583	2022-07-18 08:17:26	222	4	1	0
  4956295	2022-07-18 08:19:16	222	4	1	0
  4258809	2022-07-18 08:21:55	222	4	1	0
  3417047	2022-07-18 08:22:22	222	4	1	0
  3063214	2022-07-18 08:22:39	222	4	1	0
  4302692	2022-07-18 08:22:47	222	4	1	0
  4302692	2022-07-18 08:22:49	222	4	1	0
  3063214	2022-07-18 08:22:55	222	4	1	0
  4808457	2022-07-18 08:23:49	222	4	1	0
  6034912	2022-07-18 08:30:17	222	4	1	0
  9884275	2022-07-18 08:30:59	222	4	1	0
 10937797	2022-07-18 08:32:33	222	4	1	0
 10937797	2022-07-18 08:32:40	222	4	1	0
  3432493	2022-07-18 08:33:11	222	4	1	0
  3432493	2022-07-18 08:33:13	222	4	1	0
  4366594	2022-07-18 08:33:35	222	4	1	0
  3446607	2022-07-18 08:35:48	222	4	1	0
  3476266	2022-07-18 08:36:43	222	4	1	0
  6156714	2022-07-18 08:38:31	222	4	1	0
  2689038	2022-07-18 08:40:59	222	4	1	0
  4819833	2022-07-18 09:34:09	222	4	1	0
  3063214	2022-07-18 17:04:39	222	4	1	0
  4956295	2022-07-18 17:04:42	222	4	1	0
  4819833	2022-07-18 17:04:56	222	4	1	0
  4808457	2022-07-18 17:07:32	222	4	1	0
  2689038	2022-07-18 17:10:33	222	4	1	0
  2689038	2022-07-18 17:10:35	222	4	1	0
  6785458	2022-07-18 17:10:40	222	4	1	0
  4302692	2022-07-18 17:11:36	222	4	1	0
  3432493	2022-07-18 17:16:18	222	4	1	0
  9092233	2022-07-18 17:20:07	222	4	1	0
  3417047	2022-07-18 17:20:22	222	4	1	0
  3476266	2022-07-18 17:32:32	222	4	1	0
  4366594	2022-07-18 17:46:45	222	4	1	0
  2240753	2022-07-18 17:49:49	222	4	1	0
  8335583	2022-07-18 17:53:27	222	4	1	0
  8335583	2022-07-18 17:53:30	222	4	1	0
  2603935	2022-07-18 17:53:52	222	4	1	0
  4258809	2022-07-18 17:54:28	222	4	1	0
  6156714	2022-07-18 18:01:18	222	4	1	0
  3446607	2022-07-18 18:06:39	222	4	1	0
  9158983	2022-07-18 18:07:53	222	4	1	0
  4797854	2022-07-18 18:21:42	222	4	1	0
  6034912	2022-07-18 18:27:25	222	4	1	0
  6049400	2022-07-18 18:59:51	222	4	1	0
  6049400	2022-07-18 18:59:53	222	4	1	0
  3474426	2022-07-18 19:04:19	222	4	1	0
  6785458	2022-07-19 07:05:25	222	4	1	0
  6785458	2022-07-19 07:05:27	222	4	1	0
  6049400	2022-07-19 07:22:12	222	4	1	0
  6049400	2022-07-19 07:22:15	222	4	1	0
  4797854	2022-07-19 07:33:26	222	4	1	0
  4797854	2022-07-19 07:33:33	222	4	1	0
  2240753	2022-07-19 08:01:51	222	4	1	0
  6156714	2022-07-19 08:13:01	222	4	1	0
  3474426	2022-07-19 08:14:26	222	4	1	0
  3417047	2022-07-19 08:15:12	222	4	1	0
  4258809	2022-07-19 08:19:38	222	4	1	0
  6833031	2022-07-19 08:19:44	222	4	1	0
  4956295	2022-07-19 08:22:17	222	4	1	0
  3063214	2022-07-19 08:22:25	222	4	1	0
  9092233	2022-07-19 08:24:08	222	4	1	0
  3446607	2022-07-19 08:24:25	222	4	1	0
  4302692	2022-07-19 08:28:04	222	4	1	0
  4302692	2022-07-19 08:28:06	222	4	1	0
  6034912	2022-07-19 08:31:20	222	4	1	0
  8335583	2022-07-19 08:31:26	222	4	1	0
  3432493	2022-07-19 08:34:23	222	4	1	0
  4808457	2022-07-19 08:35:14	222	4	1	0
  2689038	2022-07-19 08:37:44	222	4	1	0
  4366594	2022-07-19 08:37:53	222	4	1	0
  3476266	2022-07-19 08:39:58	222	4	1	0
  4819833	2022-07-19 09:35:51	222	4	1	0
  4819833	2022-07-19 17:08:58	222	4	1	0
  3432493	2022-07-19 17:09:52	222	4	1	0
  3432493	2022-07-19 17:11:06	222	4	1	0
  3063214	2022-07-19 17:12:28	222	4	1	0
  4956295	2022-07-19 17:12:35	222	4	1	0
  4808457	2022-07-19 17:12:40	222	4	1	0
  2689038	2022-07-19 17:14:45	222	4	1	0
  3432493	2022-07-19 17:17:43	222	4	1	0
  9092233	2022-07-19 17:18:35	222	4	1	0
  4302692	2022-07-19 17:19:07	222	4	1	0
  4366594	2022-07-19 17:22:08	222	4	1	0
  3417047	2022-07-19 17:22:37	222	4	1	0
  6833031	2022-07-19 17:22:56	222	4	1	0
  3476266	2022-07-19 17:40:31	222	4	1	0
  6785458	2022-07-19 17:43:07	222	4	1	0
  4258809	2022-07-19 18:00:37	222	4	1	0
  2240753	2022-07-19 18:14:57	222	4	1	0
  6156714	2022-07-19 18:20:08	222	4	1	0
  3474426	2022-07-19 18:31:59	222	4	1	0
  3446607	2022-07-19 18:35:25	222	4	1	0
  4797854	2022-07-19 18:36:40	222	4	1	0
  8335583	2022-07-19 18:36:43	222	4	1	0
  8335583	2022-07-19 18:36:45	222	4	1	0
  6034912	2022-07-19 18:37:41	222	4	1	0
  2603935	2022-07-19 18:59:22	222	4	1	0
  6049400	2022-07-19 19:08:10	222	4	1	0
  6049400	2022-07-19 19:08:12	222	4	1	0
  6785458	2022-07-20 07:10:15	222	4	1	0
  6785458	2022-07-20 07:10:17	222	4	1	0
  6049400	2022-07-20 07:20:21	222	4	1	0
  6049400	2022-07-20 07:20:24	222	4	1	0
  4797854	2022-07-20 07:42:11	222	4	1	0
  4974338	2022-07-20 07:46:56	222	4	1	0
  2240753	2022-07-20 07:56:39	222	4	1	0
  3417047	2022-07-20 08:14:43	222	4	1	0
  3063214	2022-07-20 08:15:53	222	4	1	0
  4956295	2022-07-20 08:22:21	222	4	1	0
  9092233	2022-07-20 08:22:24	222	4	1	0
  3474426	2022-07-20 08:22:29	222	4	1	0
  4302692	2022-07-20 08:25:01	222	4	1	0
  4302692	2022-07-20 08:25:04	222	4	1	0
  3446607	2022-07-20 08:26:22	222	4	1	0
  4258809	2022-07-20 08:26:54	222	4	1	0
  4808457	2022-07-20 08:29:08	222	4	1	0
  6156714	2022-07-20 08:31:43	222	4	1	0
  3432493	2022-07-20 08:33:15	222	4	1	0
  8335583	2022-07-20 08:35:38	222	4	1	0
  6833031	2022-07-20 08:35:55	222	4	1	0
  6034912	2022-07-20 08:36:19	222	4	1	0
  2689038	2022-07-20 08:37:19	222	4	1	0
  2689038	2022-07-20 08:37:21	222	4	1	0
  4366594	2022-07-20 08:38:00	222	4	1	0
  3476266	2022-07-20 08:40:48	222	4	1	0
  4819833	2022-07-20 09:30:31	222	4	1	0
  4974338	2022-07-20 17:01:06	222	4	1	0
  6785458	2022-07-20 17:01:09	222	4	1	0
  3474426	2022-07-20 17:01:37	222	4	1	0
  3063214	2022-07-20 17:08:52	222	4	1	0
  4956295	2022-07-20 17:10:28	222	4	1	0
  4808457	2022-07-20 17:13:16	222	4	1	0
  2689038	2022-07-20 17:15:09	222	4	1	0
  4302692	2022-07-20 17:15:51	222	4	1	0
  3476266	2022-07-20 17:15:59	222	4	1	0
  6833031	2022-07-20 17:16:44	222	4	1	0
  9092233	2022-07-20 17:18:16	222	4	1	0
  3432493	2022-07-20 17:20:38	222	4	1	0
  2240753	2022-07-20 17:30:08	222	4	1	0
  4258809	2022-07-20 17:38:02	222	4	1	0
  3417047	2022-07-20 17:47:49	222	4	1	0
  2603935	2022-07-20 17:53:45	222	4	1	0
  8335583	2022-07-20 17:53:49	222	4	1	0
  4797854	2022-07-20 17:53:53	222	4	1	0
  4366594	2022-07-20 17:55:15	222	4	1	0
  4819833	2022-07-20 18:12:35	222	4	1	0
  6156714	2022-07-20 18:12:40	222	4	1	0
  3446607	2022-07-20 18:18:02	222	4	1	0
  6049400	2022-07-20 18:29:22	222	4	1	0
  6049400	2022-07-20 18:29:25	222	4	1	0
  6034912	2022-07-20 18:30:16	222	4	1	0
  6785458	2022-07-21 07:13:19	222	4	1	0
  6785458	2022-07-21 07:13:23	222	4	1	0
  6049400	2022-07-21 07:41:00	222	4	1	0
  6049400	2022-07-21 07:41:03	222	4	1	0
  4797854	2022-07-21 07:51:53	222	4	1	0
  3063214	2022-07-21 07:58:37	222	4	1	0
  3417047	2022-07-21 08:09:22	222	4	1	0
  4302692	2022-07-21 08:14:57	222	4	1	0
  4302692	2022-07-21 08:14:59	222	4	1	0
  2240753	2022-07-21 08:15:06	222	4	1	0
  9092233	2022-07-21 08:22:58	222	4	1	0
  3474426	2022-07-21 08:23:44	222	4	1	0
  4808457	2022-07-21 08:25:16	222	4	1	0
  6156714	2022-07-21 08:26:04	222	4	1	0
  4956295	2022-07-21 08:26:11	222	4	1	0
  4258809	2022-07-21 08:28:52	222	4	1	0
  3446607	2022-07-21 08:29:37	222	4	1	0
  6034912	2022-07-21 08:33:12	222	4	1	0
  6833031	2022-07-21 08:34:53	222	4	1	0
  2689038	2022-07-21 08:36:21	222	4	1	0
  3379888	2022-07-21 08:37:49	222	4	1	0
  3432493	2022-07-21 08:39:35	222	4	1	0
  3476266	2022-07-21 08:40:36	222	4	1	0
  8335583	2022-07-21 08:43:10	222	4	1	0
  4366594	2022-07-21 08:44:02	222	4	1	0
  4819833	2022-07-21 09:30:05	222	4	1	0
  4819833	2022-07-21 09:30:07	222	4	1	0
  9092233	2022-07-21 17:06:38	222	4	1	0
  4956295	2022-07-21 17:07:06	222	4	1	0
  3063214	2022-07-21 17:07:09	222	4	1	0
  4302692	2022-07-21 17:07:25	222	4	1	0
  6785458	2022-07-21 17:08:15	222	4	1	0
  4808457	2022-07-21 17:09:45	222	4	1	0
  2689038	2022-07-21 17:11:39	222	4	1	0
  3432493	2022-07-21 17:13:34	222	4	1	0
  4366594	2022-07-21 17:15:06	222	4	1	0
  4258809	2022-07-21 17:17:53	222	4	1	0
  3379888	2022-07-21 17:23:28	222	4	1	0
  2240753	2022-07-21 17:23:57	222	4	1	0
  3417047	2022-07-21 17:24:03	222	4	1	0
  6833031	2022-07-21 17:25:52	222	4	1	0
  3476266	2022-07-21 17:32:32	222	4	1	0
  3446607	2022-07-21 17:39:50	222	4	1	0
  4819833	2022-07-21 17:41:34	222	4	1	0
  6156714	2022-07-21 17:41:36	222	4	1	0
  8335583	2022-07-21 18:07:34	222	4	1	0
  3474426	2022-07-21 18:07:38	222	4	1	0
  4797854	2022-07-21 18:07:43	222	4	1	0
  6034912	2022-07-21 18:35:24	222	4	1	0
  6049400	2022-07-21 18:51:29	222	4	1	0
  6049400	2022-07-21 18:51:31	222	4	1	0
  6049400	2022-07-21 18:51:33	222	4	1	0
  6785458	2022-07-22 07:11:49	222	4	1	0
  6049400	2022-07-22 07:46:54	222	4	1	0
  6049400	2022-07-22 07:46:56	222	4	1	0
  3474426	2022-07-22 07:57:15	222	4	1	0
  4797854	2022-07-22 07:57:23	222	4	1	0
  3417047	2022-07-22 08:10:13	222	4	1	0
  2240753	2022-07-22 08:15:23	222	4	1	0
  3379888	2022-07-22 08:17:34	222	4	1	0
  4258809	2022-07-22 08:18:14	222	4	1	0
  4956295	2022-07-22 08:19:51	222	4	1	0
  6049400	2022-07-22 08:22:00	222	4	1	0
  6049400	2022-07-22 08:22:10	222	4	1	0
  3063214	2022-07-22 08:22:12	222	4	1	0
  3063214	2022-07-22 08:22:17	222	4	1	0
  8335583	2022-07-22 08:28:34	222	4	1	0
  4302692	2022-07-22 08:28:50	222	4	1	0
  4302692	2022-07-22 08:28:52	222	4	1	0
  6833031	2022-07-22 08:29:01	222	4	1	0
  9092233	2022-07-22 08:30:00	222	4	1	0
  3432493	2022-07-22 08:30:39	222	4	1	0
  3446607	2022-07-22 08:32:05	222	4	1	0
  4272790	2022-07-22 08:34:57	222	4	1	0
  6156714	2022-07-22 08:36:28	222	4	1	0
  2689038	2022-07-22 08:36:56	222	4	1	0
  2689038	2022-07-22 08:36:58	222	4	1	0
  4366594	2022-07-22 08:39:03	222	4	1	0
  6034912	2022-07-22 08:40:09	222	4	1	0
  3476266	2022-07-22 08:42:02	222	4	1	0
  4808457	2022-07-22 08:45:19	222	4	1	0
  4819833	2022-07-22 09:30:15	222	4	1	0
  4258809	2022-07-22 13:08:23	222	4	1	0
  4956295	2022-07-22 17:01:33	222	4	1	0
  3063214	2022-07-22 17:01:36	222	4	1	0
  4302692	2022-07-22 17:01:42	222	4	1	0
  9092233	2022-07-22 17:01:59	222	4	1	0
  2689038	2022-07-22 17:03:18	222	4	1	0
  2689038	2022-07-22 17:03:20	222	4	1	0
  4808457	2022-07-22 17:05:20	222	4	1	0
  6785458	2022-07-22 17:07:25	222	4	1	0
  6785458	2022-07-22 17:07:28	222	4	1	0
  2240753	2022-07-22 17:11:07	222	4	1	0
  3379888	2022-07-22 17:13:19	222	4	1	0
  4797854	2022-07-22 17:16:08	222	4	1	0
  3432493	2022-07-22 17:18:24	222	4	1	0
  3476266	2022-07-22 17:24:29	222	4	1	0
  6833031	2022-07-22 17:25:12	222	4	1	0
  3446607	2022-07-22 17:25:17	222	4	1	0
  4819833	2022-07-22 17:29:47	222	4	1	0
  6156714	2022-07-22 17:29:52	222	4	1	0
  6034912	2022-07-22 17:42:01	222	4	1	0
  6049400	2022-07-22 19:03:54	222	4	1	0
  6049400	2022-07-22 19:03:57	222	4	1	0
  6049400	2022-07-22 19:06:41	222	4	1	0
  6049400	2022-07-22 19:06:44	222	4	1	0
  8335583	2022-07-22 19:06:49	222	4	1	0
  8335583	2022-07-22 19:06:53	222	4	1	0
  3474426	2022-07-22 19:32:04	222	4	1	0
  6785458	2022-07-25 07:19:19	222	4	1	0
  6785458	2022-07-25 07:19:22	222	4	1	0
  6049400	2022-07-25 07:34:29	222	4	1	0
  6049400	2022-07-25 07:34:31	222	4	1	0
  4797854	2022-07-25 07:41:50	222	4	1	0
  3379888	2022-07-25 07:49:57	222	4	1	0
  2240753	2022-07-25 08:08:27	222	4	1	0
  3063214	2022-07-25 08:10:37	222	4	1	0
  3474426	2022-07-25 08:16:56	222	4	1	0
  3417047	2022-07-25 08:17:01	222	4	1	0
  4956295	2022-07-25 08:22:09	222	4	1	0
  9092233	2022-07-25 08:24:51	222	4	1	0
  6833031	2022-07-25 08:24:56	222	4	1	0
  4258809	2022-07-25 08:25:06	222	4	1	0
  4258809	2022-07-25 08:25:40	222	4	1	0
  3432493	2022-07-25 08:26:12	222	4	1	0
  4808457	2022-07-25 08:26:22	222	4	1	0
  8335583	2022-07-25 08:28:39	222	4	1	0
  4302692	2022-07-25 08:31:06	222	4	1	0
  4302692	2022-07-25 08:31:09	222	4	1	0
  6156714	2022-07-25 08:33:03	222	4	1	0
  6034912	2022-07-25 08:35:33	222	4	1	0
  3446607	2022-07-25 08:36:43	222	4	1	0
  3476266	2022-07-25 08:39:02	222	4	1	0
  2689038	2022-07-25 08:39:42	222	4	1	0
  4366594	2022-07-25 08:40:38	222	4	1	0
  4819833	2022-07-25 09:38:04	222	4	1	0
  4956295	2022-07-25 15:05:34	222	4	1	0
  3063214	2022-07-25 17:03:16	222	4	1	0
  2240753	2022-07-25 17:06:18	222	4	1	0
  4808457	2022-07-25 17:08:03	222	4	1	0
  4808457	2022-07-25 17:08:05	222	4	1	0
  4302692	2022-07-25 17:08:38	222	4	1	0
  2689038	2022-07-25 17:10:17	222	4	1	0
  4366594	2022-07-25 17:15:02	222	4	1	0
  3432493	2022-07-25 17:20:53	222	4	1	0
  6833031	2022-07-25 17:20:58	222	4	1	0
  9092233	2022-07-25 17:22:57	222	4	1	0
  6785458	2022-07-25 17:27:05	222	4	1	0
  6785458	2022-07-25 17:27:07	222	4	1	0
  3379888	2022-07-25 17:35:14	222	4	1	0
  6034912	2022-07-25 17:36:27	222	4	1	0
  3476266	2022-07-25 17:37:32	222	4	1	0
  8335583	2022-07-25 17:42:20	222	4	1	0
  8335583	2022-07-25 17:42:23	222	4	1	0
  3474426	2022-07-25 17:44:38	222	4	1	0
  3446607	2022-07-25 18:06:28	222	4	1	0
  4819833	2022-07-25 18:12:20	222	4	1	0
  6156714	2022-07-25 18:12:24	222	4	1	0
  6785458	2022-07-25 18:15:32	222	4	1	0
  4258809	2022-07-25 18:18:21	222	4	1	0
  6049400	2022-07-25 18:22:55	222	4	1	0
  6049400	2022-07-25 18:22:57	222	4	1	0
  4797854	2022-07-25 18:40:28	222	4	1	0
  4974338	2022-07-25 18:44:14	222	4	1	0
  6785458	2022-07-26 07:18:11	222	4	1	0
  6785458	2022-07-26 07:18:13	222	4	1	0
  6785458	2022-07-26 07:18:24	222	4	1	0
  4974338	2022-07-26 07:50:35	222	4	1	0
  4974338	2022-07-26 07:50:37	222	4	1	0
  4797854	2022-07-26 07:53:19	222	4	1	0
  6049400	2022-07-26 07:53:40	222	4	1	0
  6049400	2022-07-26 07:53:42	222	4	1	0
  4258809	2022-07-26 07:55:29	222	4	1	0
  4258809	2022-07-26 07:56:28	222	4	1	0
  2240753	2022-07-26 08:02:28	222	4	1	0
  2604512	2022-07-26 08:07:26	222	4	1	0
  4775439	2022-07-26 08:09:51	222	4	1	0
  4775439	2022-07-26 08:10:20	222	4	1	0
  4808457	2022-07-26 08:11:57	222	4	1	0
  3379888	2022-07-26 08:14:32	222	4	1	0
  3063214	2022-07-26 08:19:20	222	4	1	0
  4808457	2022-07-26 08:23:05	222	4	1	0
  9092233	2022-07-26 08:23:10	222	4	1	0
  6833031	2022-07-26 08:25:35	222	4	1	0
  6833031	2022-07-26 08:25:37	222	4	1	0
  8335583	2022-07-26 08:25:43	222	4	1	0
  8335583	2022-07-26 08:25:46	222	4	1	0
  4956295	2022-07-26 08:26:53	222	4	1	0
  3474426	2022-07-26 08:30:47	222	4	1	0
  3432493	2022-07-26 08:31:43	222	4	1	0
  3417047	2022-07-26 08:32:03	222	4	1	0
  4302692	2022-07-26 08:34:43	222	4	1	0
  4302692	2022-07-26 08:34:46	222	4	1	0
  4302692	2022-07-26 08:34:48	222	4	1	0
  6034912	2022-07-26 08:35:08	222	4	1	0
  6156714	2022-07-26 08:35:12	222	4	1	0
  4366594	2022-07-26 08:37:04	222	4	1	0
  3476266	2022-07-26 08:38:53	222	4	1	0
  2689038	2022-07-26 08:41:22	222	4	1	0
  3446607	2022-07-26 08:45:19	222	4	1	0
  4819833	2022-07-26 09:31:26	222	4	1	0
  3432493	2022-07-26 17:01:58	222	4	1	0
  4302692	2022-07-26 17:02:05	222	4	1	0
  3063214	2022-07-26 17:02:15	222	4	1	0
  4808457	2022-07-26 17:02:21	222	4	1	0
  4956295	2022-07-26 17:02:31	222	4	1	0
  4974338	2022-07-26 17:02:47	222	4	1	0
  9092233	2022-07-26 17:03:02	222	4	1	0
  2689038	2022-07-26 17:06:09	222	4	1	0
  4366594	2022-07-26 17:06:14	222	4	1	0
  4258809	2022-07-26 17:08:55	222	4	1	0
  3474426	2022-07-26 17:12:22	222	4	1	0
  4819833	2022-07-26 17:13:06	222	4	1	0
  3417047	2022-07-26 17:16:12	222	4	1	0
  3379888	2022-07-26 17:18:09	222	4	1	0
  6156714	2022-07-26 17:19:50	222	4	1	0
  2240753	2022-07-26 17:20:30	222	4	1	0
  3476266	2022-07-26 17:39:20	222	4	1	0
  6034912	2022-07-26 17:40:01	222	4	1	0
  6785458	2022-07-26 17:40:46	222	4	1	0
  6785458	2022-07-26 17:40:50	222	4	1	0
  6785458	2022-07-26 17:40:53	222	4	1	0
  6833031	2022-07-26 17:41:16	222	4	1	0
  6156714	2022-07-26 17:41:23	222	4	1	0
  6833031	2022-07-26 17:41:28	222	4	1	0
  3446607	2022-07-26 17:42:10	222	4	1	0
  4797854	2022-07-26 17:50:27	222	4	1	0
  9884275	2022-07-26 17:50:31	222	4	1	0
  8335583	2022-07-26 17:51:41	222	4	1	0
  8335583	2022-07-26 17:51:43	222	4	1	0
  8335583	2022-07-26 17:53:18	222	4	1	0
  6785458	2022-07-27 07:12:20	222	4	1	0
  6785458	2022-07-27 07:12:22	222	4	1	0
  6049400	2022-07-27 07:36:23	222	4	1	0
  6049400	2022-07-27 07:39:55	222	4	1	0
  4797854	2022-07-27 07:57:50	222	4	1	0
  3379888	2022-07-27 07:59:56	222	4	1	0
  4808457	2022-07-27 08:00:11	222	4	1	0
  3362761	2022-07-27 08:03:21	222	4	1	0
  2240753	2022-07-27 08:10:11	222	4	1	0
  3063214	2022-07-27 08:14:51	222	4	1	0
  4974338	2022-07-27 08:18:55	222	4	1	0
  4258809	2022-07-27 08:20:41	222	4	1	0
  6833031	2022-07-27 08:21:26	222	4	1	0
  6833031	2022-07-27 08:21:28	222	4	1	0
  4302692	2022-07-27 08:22:02	222	4	1	0
  4302692	2022-07-27 08:22:04	222	4	1	0
  4956295	2022-07-27 08:24:50	222	4	1	0
  3417047	2022-07-27 08:29:20	222	4	1	0
  3446607	2022-07-27 08:30:43	222	4	1	0
  8335583	2022-07-27 08:31:14	222	4	1	0
  6034912	2022-07-27 08:35:05	222	4	1	0
  6156714	2022-07-27 08:35:07	222	4	1	0
  3432493	2022-07-27 08:35:48	222	4	1	0
  4366594	2022-07-27 08:38:56	222	4	1	0
  2689038	2022-07-27 08:39:00	222	4	1	0
  9092233	2022-07-27 08:39:06	222	4	1	0
  3474426	2022-07-27 08:39:16	222	4	1	0
  9884275	2022-07-27 08:42:45	222	4	1	0
  3434541	2022-07-27 09:14:34	222	4	1	0
  3434541	2022-07-27 09:25:43	222	4	1	0
